23478
22740
58572
38464
53784
28142
46260
59864
9667
62240
4482
50823
41325
11928
13301
19505
56001
53302
36560
56017
49206
22715
24802
41972
11131
27267
62179
29237
60224
28119
29020
14039
22767
49142
54498
13594
54038
60257
36668
21080
26742
52747
10701
2038
50127
49017
52232
12998
61979
43303
55072
59616
62933
1960
45508
9645
40739
9911
17084
27062
50007
54820
59147
62359
29692
52660
20202
28377
5933
64120
14301
30515
28162
50579
32898
6337
27484
53925
22479
10841
53996
51142
1145
34031
38528
64000
56700
23414
52422
44095
59748
24825
30916
17258
19049
45145
37561
1458
10424
8372
21052
52401
28110
38252
27678
26234
2782
1724
11711
8494
5077
15058
20625
21346
2118
5354
21650
20974
48728
51958
50435
40371
35116
26719
12430
41464
5934
39042
56063
55881
52402
31551
23427
58762
59266
7113
58531
61337
53113
17493
56339
64340
41685
47647
34047
16599
16617
13085
47419
55048
65434
31662
16859
53432
30153
38140
7998
27860
43666
1714
41247
53876
52697
1708
18885
28055
56658
28987
10568
33807
12692
13068
18501
11223
33699
48345
20926
55549
9285
18161
31508
12769
42656
6616
36073
28852
26136
12194
22713
2445
1984
25060
6998
37061
18644
61455
42076
30350
12586
37949
17496
24182
43358
5886
49000
60489
50199
32739
58850
24602
63304
42675
10687
22682
30990
12873
2712
25218
53999
36056
38166
29965
6456
13197
23118
15185
37369
8094
10580
45152
45873
4922
50800
34067
26947
62306
47374
27233
28919
19215
51463
24147
4725
49748
44668
44150
49143
1878
60003
26911
33504
3557
27260
49514
61249
63170
1684
50347
45147
38900
43145
3909
882
56809
63798
32522
28721
53260
15272
24138
17122
19647
60234
2337
13165
55083
8645
18537
59401
32436
31756
35679
49929
51917
31739
58555
31562
8282
25361
38351
9678
40531
29628
58066
37001
28596
63253
35469
35046
59378
30172
12793
2102
61061
14912
19905
23419
44212
30186
172
32439
43097
43477
15009
52443
25939
7524
22758
18524
57358
5257
6423
33781
11238
58288
56841
13129
54038
10231
54289
46649
16552
3294
14715
19454
8904
15096
64678
47902
55898
30375
37710
3169
24160
6077
47741
55523
34049
60454
3189
45183
6809
11790
42538
20043
10244
29249
36970
59243
65026
41725
11902
35937
10983
40909
31820
47580
11108
10474
38379
10895
5678
40385
35272
19328
32233
26552
18807
24215
31775
56613
9320
3879
7392
642
20211
43309
60269
59780
53258
8498
1857
62780
52323
63299
11278
11
36770
48879
22861
6651
14021
44880
3253
15520
19339
15567
14591
8935
35507
286
38337
16280
3843
28828
34832
15114
3472
21988
35990
10202
38046
16410
46291
52594
31270
60860
53409
40600
455
59330
17713
42865
10230
36532
16798
31463
57751
39029
372
51160
45223
43290
36033
13534
26535
15973
63167
45707
54083
31663
29919
63757
50068
40577
58198
3272
55606
37350
59345
44650
54884
31538
279
39919
36158
28009
31119
43534
60170
7216
36039
32186
59593
19315
43970
7517
11164
26800
56081
38437
63590
48588
48862
33900
27933
48719
18021
48260
7230
15977
43000
31691
37849
53852
49928
9840
46541
64512
11486
28159
17073
13949
28933
60569
34886
56609
5685
31320
49131
36033
5592
19116
36189
7812
56733
53218
64072
4768
504
26824
50265
190
15389
30895
24968
60802
34986
4671
36278
45180
33625
15022
54686
36548
55982
47771
31152
62451
47707
50378
18473
38998
50871
38688
3205
12084
3294
55313
52237
58994
40138
24648
57151
128
14967
32272
46895
50682
13284
33776
45152
3287
22790
42674
10932
60032
56207
11828
27572
37983
27714
47427
52813
27157
54596
37930
60714
3415
2651
48492
52065
57419
52152
22793
18043
21423
33776
49735
7475
56596
41090
47968
39927
62094
52195
4831
6976
61292
53934
30053
16583
44102
43469
39101
48001
61172
45865
57493
38775
44174
38921
34386
27212
41699
38438
64023
24476
49152
3235
1129
32247
34822
13014
23206
34273
33579
53932
9957
15494
17067
27940
4597
16349
47808
34738
56953
8692
15524
55112
39624
14696
60847
18265
63013
38387
2769
21341
51777
56677
59684
3425
27802
34859
30935
24408
45590
20526
3535
23706
41699
31316
34033
49155
60073
34328
9450
18302
60124
22444
10490
29144
40767
64701
714
3452
63849
6577
35121
240
978
515
27665
7732
41329
41504
1094
43852
37173
8201
35262
31270
1539
25238
43950
64311
33152
14714
47016
5782
9024
25177
56924
55695
35846
7659
41013
8356
9944
62247
6996
29213
52555
57916
26447
47581
37448
60952
42168
42591
7348
5421
7651
3787
35353
41446
14137
13674
52972
64666
54901
30266
1752
46116
60709
12734
2355
25614
31383
40517
54659
5964
24418
55343
22301
10657
61504
43610
30365
57241
14876
23884
10604
41555
13665
35782
62518
12573
50683
53473
16908
9040
55086
52358
47235
47493
23063
51572
54880
31194
37360
31322
18403
10369
17931
9185
24164
57283
62826
56935
33385
57792
34524
50561
40023
1706
41242
13278
47686
46055
33940
63844
26088
10351
2774
40563
32170
47121
10684
45984
7462
42896
51620
14241
27644
40356
57644
49087
38050
44639
3523
10236
53115
36497
27075
41402
20361
26688
17975
26654
64937
34904
64265
47899
43943
58480
62309
62174
45593
32337
59610
6198
34963
28143
19846
59621
45170
55838
53118
9095
27763
10391
46327
25559
64465
63306
21734
24487
64555
3966
55733
32157
56014
1909
46831
12915
55758
1319
9873
24195
45270
25741
45523
48717
41384
33315
17376
64312
28324
46840
50491
49293
52048
37663
29878
35318
64754
32182
33171
28303
43382
17300
10477
39997
36298
30416
21138
21760
41076
18039
23957
14595
12801
7846
12054
20291
61652
43706
19582
18750
27078
64752
45514
50971
8257
44403
31484
10014
43082
48766
24884
36592
8361
18410
28450
9839
60405
11027
22815
54108
53890
60414
12801
31463
40360
57057
6791
53983
25704
64919
19640
63332
58106
20354
619
17623
24475
64516
7517
48986
28803
3193
52031
39714
58890
64150
14341
10737
45701
23445
34770
37901
50154
64463
1918
50335
54180
18878
47591
58482
31769
65247
2172
39212
49774
2307
33246
7199
25532
4974
51530
39296
55259
64770
26653
18680
14040
37838
20290
22935
10787
9965
60442
18277
19679
47644
41626
3717
59508
47814
55361
8441
47474
8434
2136
8042
21871
34736
21775
21616
